Experiment        l_min  l_center   l_max      Power    Sigma_minus  Sigma_plus  Upper Limit
ACTPol                -999    500.0     -999   2211.2000    208.4000    208.4000    -999.000
ACTPol                -999    550.0     -999   2468.0000    194.7000    194.7000    -999.000
ACTPol                -999    600.0     -999   2289.3000    153.1000    153.1000    -999.000
ACTPol                -999    650.0     -999   1977.6000    134.3000    134.3000    -999.000
ACTPol                -999    700.0     -999   1870.7000    125.7000    125.7000    -999.000
ACTPol                -999    750.0     -999   2242.3000    135.5000    135.5000    -999.000
ACTPol                -999    800.0     -999   2564.3999    143.7000    143.7000    -999.000
ACTPol                -999    850.0     -999   2521.5000    137.8000    137.8000    -999.000
ACTPol                -999    900.0     -999   1902.2000     95.7000     95.7000    -999.000
ACTPol                -999    950.0     -999   1373.1000     73.8000     73.8000    -999.000
ACTPol                -999   1000.0     -999   1017.2000     62.0000     62.0000    -999.000
ACTPol                -999   1050.0     -999   1003.7000     59.6000     59.6000    -999.000
ACTPol                -999   1100.0     -999   1298.3000     60.8000     60.8000    -999.000
ACTPol                -999   1150.0     -999   1202.2000     59.0000     59.0000    -999.000
ACTPol                -999   1200.0     -999    990.8000     51.1000     51.1000    -999.000
ACTPol                -999   1250.0     -999    849.4000     38.1000     38.1000    -999.000
ACTPol                -999   1300.0     -999    654.2000     36.3000     36.3000    -999.000
ACTPol                -999   1350.0     -999    825.5000     36.4000     36.4000    -999.000
ACTPol                -999   1400.0     -999    836.3000     38.1000     38.1000    -999.000
ACTPol                -999   1450.0     -999    774.6000     36.1000     36.1000    -999.000
ACTPol                -999   1500.0     -999    645.4000     29.6000     29.6000    -999.000
ACTPol                -999   1550.0     -999    510.0000     24.1000     24.1000    -999.000
ACTPol                -999   1600.0     -999    445.0000     20.0000     20.0000    -999.000
ACTPol                -999   1650.0     -999    408.9000     19.4000     19.4000    -999.000
ACTPol                -999   1700.0     -999    377.5000     18.5000     18.5000    -999.000
ACTPol                -999   1750.0     -999    383.9000     17.3000     17.3000    -999.000
ACTPol                -999   1800.0     -999    351.0000     16.1000     16.1000    -999.000
ACTPol                -999   1850.0     -999    290.4000     14.3000     14.3000    -999.000
ACTPol                -999   1900.0     -999    247.9000     12.5000     12.5000    -999.000
ACTPol                -999   1950.0     -999    253.8000     11.8000     11.8000    -999.000
ACTPol                -999   2000.0     -999    234.2000     11.8000     11.8000    -999.000
ACTPol                -999   2075.0     -999    223.3000      7.5000      7.5000    -999.000
ACTPol                -999   2175.0     -999    151.2000      6.1000      6.1000    -999.000
ACTPol                -999   2275.0     -999    114.8000      5.1000      5.1000    -999.000
ACTPol                -999   2375.0     -999    103.7000      4.9000      4.9000    -999.000
ACTPol                -999   2475.0     -999     84.2000      4.2000      4.2000    -999.000
ACTPol                -999   2625.0     -999     63.3000      2.6000      2.6000    -999.000
ACTPol                -999   2825.0     -999     35.7000      2.3000      2.3000    -999.000
ACTPol                -999   3025.0     -999     24.9000      2.0000      2.0000    -999.000
ACTPol                -999   3325.0     -999     13.1000      1.5000      1.5000    -999.000
ACTPol                -999   3725.0     -999      3.2000      1.4000      1.4000    -999.000
ACTPol                -999   4125.0     -999      0.4000      1.5000      1.5000    -999.000
Planck_unbinned       -999      2.0     -999    225.9000    132.4000    533.1000    -999.000
Planck_unbinned       -999      3.0     -999    936.9000    450.5000   1212.3000    -999.000
Planck_unbinned       -999      4.0     -999    692.2000    294.1000    666.5000    -999.000
Planck_unbinned       -999      5.0     -999   1501.7000    574.4000   1155.8000    -999.000
Planck_unbinned       -999      6.0     -999    557.6000    201.2000    375.8000    -999.000
Planck_unbinned       -999      7.0     -999   1152.6000    381.6000    670.8000    -999.000
Planck_unbinned       -999      8.0     -999    615.8000    192.0000    323.4000    -999.000
Planck_unbinned       -999      9.0     -999    697.8000    214.6000    349.6000    -999.000
Planck_unbinned       -999     10.0     -999    803.7000    232.8000    367.9000    -999.000
Planck_unbinned       -999     11.0     -999    869.6000    240.3000    371.0000    -999.000
Planck_unbinned       -999     12.0     -999    764.1000    205.0000    310.6000    -999.000
Planck_unbinned       -999     13.0     -999    599.0000    158.6000    235.6000    -999.000
Planck_unbinned       -999     14.0     -999    808.1000    199.4000    290.8000    -999.000
Planck_unbinned       -999     15.0     -999   1022.1000    243.5000    349.7000    -999.000
Planck_unbinned       -999     16.0     -999    621.3000    151.0000    215.8000    -999.000
Planck_unbinned       -999     17.0     -999   1035.4000    236.2000    332.1000    -999.000
Planck_unbinned       -999     18.0     -999    674.6000    156.3000    216.9000    -999.000
Planck_unbinned       -999     19.0     -999    951.6000    211.6000    291.0000    -999.000
Planck_unbinned       -999     20.0     -999    659.9000    144.8000    197.6000    -999.000
Planck_unbinned       -999     21.0     -999    601.9000    136.1000    185.3000    -999.000
Planck_unbinned       -999     22.0     -999    605.3000    131.7000    177.0000    -999.000
Planck_unbinned       -999     23.0     -999    748.5000    155.9000    208.7000    -999.000
Planck_unbinned       -999     24.0     -999    850.5000    175.6000    233.2000    -999.000
Planck_unbinned       -999     25.0     -999    814.3000    169.4000    224.3000    -999.000
Planck_unbinned       -999     26.0     -999    823.8000    164.4000    215.4000    -999.000
Planck_unbinned       -999     27.0     -999   1004.0000    190.3000    247.9000    -999.000
Planck_unbinned       -999     28.0     -999   1149.9000    215.1000    279.1000    -999.000
Planck_unbinned       -999     29.0     -999    979.6000    183.1000    236.7000    -999.000
Planck_binned         -999     47.7     -999   1479.3000     50.8000     50.8000    -999.000
Planck_binned         -999     76.5     -999   2035.0000     54.7000     54.7000    -999.000
Planck_binned         -999    105.9     -999   2955.3999     65.0000     65.0000    -999.000
Planck_binned         -999    135.6     -999   3869.5000     76.9000     76.9000    -999.000
Planck_binned         -999    165.4     -999   4889.5000     86.6000     86.6000    -999.000
Planck_binned         -999    195.3     -999   5464.1001     90.6000     90.6000    -999.000
Planck_binned         -999    225.2     -999   5793.3999     87.1000     87.1000    -999.000
Planck_binned         -999    255.1     -999   5372.8999     76.9000     76.9000    -999.000
Planck_binned         -999    285.0     -999   4627.7002     62.5000     62.5000    -999.000
Planck_binned         -999    315.0     -999   3604.2000     47.2000     47.2000    -999.000
Planck_binned         -999    344.9     -999   2631.2000     33.9000     33.9000    -999.000
Planck_binned         -999    374.9     -999   2033.1000     24.8000     24.8000    -999.000
Planck_binned         -999    404.9     -999   1753.4000     20.7000     20.7000    -999.000
Planck_binned         -999    434.8     -999   1787.6000     20.7000     20.7000    -999.000
Planck_binned         -999    464.8     -999   2162.0000     22.8000     22.8000    -999.000
Planck_binned         -999    494.8     -999   2422.1001     25.0000     25.0000    -999.000
Planck_binned         -999    524.8     -999   2573.5000     25.9000     25.9000    -999.000
Planck_binned         -999    554.8     -999   2546.3000     25.1000     25.1000    -999.000
Planck_binned         -999    584.8     -999   2360.6001     22.7000     22.7000    -999.000
Planck_binned         -999    614.7     -999   2095.3999     19.9000     19.9000    -999.000
Planck_binned         -999    644.7     -999   1884.7000     17.5000     17.5000    -999.000
Planck_binned         -999    674.7     -999   1813.2000     16.4000     16.4000    -999.000
Planck_binned         -999    704.7     -999   1883.2000     16.8000     16.8000    -999.000
Planck_binned         -999    734.7     -999   2097.1001     18.2000     18.2000    -999.000
Planck_binned         -999    764.7     -999   2318.7000     19.7000     19.7000    -999.000
Planck_binned         -999    794.7     -999   2464.6001     20.7000     20.7000    -999.000
Planck_binned         -999    824.7     -999   2521.8999     20.5000     20.5000    -999.000
Planck_binned         -999    854.7     -999   2394.1001     19.0000     19.0000    -999.000
Planck_binned         -999    884.7     -999   2083.3000     16.6000     16.6000    -999.000
Planck_binned         -999    914.7     -999   1740.7000     13.7000     13.7000    -999.000
Planck_binned         -999    944.7     -999   1418.7000     11.1000     11.1000    -999.000
Planck_binned         -999    974.7     -999   1173.0000      9.3000      9.3000    -999.000
Planck_binned         -999   1004.6     -999   1062.4000      8.4000      8.4000    -999.000
Planck_binned         -999   1034.6     -999   1047.9000      8.3000      8.3000    -999.000
Planck_binned         -999   1064.6     -999   1132.4000      8.7000      8.7000    -999.000
Planck_binned         -999   1094.6     -999   1211.0000      9.1000      9.1000    -999.000
Planck_binned         -999   1124.6     -999   1231.9000      9.3000      9.3000    -999.000
Planck_binned         -999   1154.6     -999   1205.8000      9.0000      9.0000    -999.000
Planck_binned         -999   1184.6     -999   1117.9000      8.3000      8.3000    -999.000
Planck_binned         -999   1214.6     -999    968.4000      7.5000      7.5000    -999.000
Planck_binned         -999   1244.6     -999    864.4000      6.6000      6.6000    -999.000
Planck_binned         -999   1274.6     -999    761.6000      6.0000      6.0000    -999.000
Planck_binned         -999   1304.6     -999    732.3000      5.7000      5.7000    -999.000
Planck_binned         -999   1334.6     -999    737.3000      5.7000      5.7000    -999.000
Planck_binned         -999   1364.6     -999    774.9000      5.9000      5.9000    -999.000
Planck_binned         -999   1394.6     -999    806.6000      6.2000      6.2000    -999.000
Planck_binned         -999   1424.6     -999    809.1000      6.3000      6.3000    -999.000
Planck_binned         -999   1454.6     -999    777.8000      6.1000      6.1000    -999.000
Planck_binned         -999   1484.6     -999    728.9000      5.7000      5.7000    -999.000
Planck_binned         -999   1514.6     -999    648.3000      5.2000      5.2000    -999.000
Planck_binned         -999   1544.6     -999    551.3000      4.7000      4.7000    -999.000
Planck_binned         -999   1574.6     -999    476.6000      4.3000      4.3000    -999.000
Planck_binned         -999   1604.6     -999    419.5000      4.0000      4.0000    -999.000
Planck_binned         -999   1634.6     -999    395.2000      4.0000      4.0000    -999.000
Planck_binned         -999   1664.6     -999    391.7000      4.0000      4.0000    -999.000
Planck_binned         -999   1694.6     -999    392.9000      4.2000      4.2000    -999.000
Planck_binned         -999   1724.6     -999    397.7000      4.3000      4.3000    -999.000
Planck_binned         -999   1754.6     -999    383.0000      4.4000      4.4000    -999.000
Planck_binned         -999   1784.6     -999    375.4000      4.5000      4.5000    -999.000
Planck_binned         -999   1814.6     -999    340.1000      4.5000      4.5000    -999.000
Planck_binned         -999   1844.6     -999    307.5000      4.5000      4.5000    -999.000
Planck_binned         -999   1874.6     -999    273.9000      4.5000      4.5000    -999.000
Planck_binned         -999   1904.6     -999    249.8000      4.6000      4.6000    -999.000
Planck_binned         -999   1934.6     -999    244.2000      4.8000      4.8000    -999.000
Planck_binned         -999   1964.6     -999    231.9000      5.0000      5.0000    -999.000
Planck_binned         -999   1994.6     -999    234.7000      5.4000      5.4000    -999.000
Planck_binned         -999   2024.6     -999    231.7000      5.9000      5.9000    -999.000
Planck_binned         -999   2054.6     -999    219.7000      6.2000      6.2000    -999.000
Planck_binned         -999   2084.6     -999    214.3000      6.5000      6.5000    -999.000
Planck_binned         -999   2114.6     -999    196.7000      6.9000      6.9000    -999.000
Planck_binned         -999   2144.6     -999    176.4000      7.2000      7.2000    -999.000
Planck_binned         -999   2174.6     -999    152.2000      7.6000      7.6000    -999.000
Planck_binned         -999   2204.6     -999    138.7000      8.1000      8.1000    -999.000
Planck_binned         -999   2234.6     -999    121.5000      8.6000      8.6000    -999.000
Planck_binned         -999   2264.6     -999    116.2000      9.3000      9.3000    -999.000
Planck_binned         -999   2294.6     -999    117.8000      9.9000      9.9000    -999.000
Planck_binned         -999   2324.6     -999    116.1000     10.7000     10.7000    -999.000
Planck_binned         -999   2354.6     -999    109.7000     11.5000     11.5000    -999.000
Planck_binned         -999   2384.6     -999    120.4000     12.4000     12.4000    -999.000
Planck_binned         -999   2414.6     -999     90.5000     13.3000     13.3000    -999.000
Planck_binned         -999   2444.6     -999    103.1000     14.4000     14.4000    -999.000
Planck_binned         -999   2474.6     -999     73.7000     15.5000     15.5000    -999.000
Planck_binned         -999   2499.0     -999     61.3000     20.9000     20.9000    -999.000
SPT                   -999    675.0     -999   1781.7000     75.8000     75.8000    -999.000
SPT                   -999    725.0     -999   1935.0000     83.8000     83.8000    -999.000
SPT                   -999    775.0     -999   2421.3000     92.7000     92.7000    -999.000
SPT                   -999    825.0     -999   2571.6001     95.8000     95.8000    -999.000
SPT                   -999    875.0     -999   2156.8999     78.2000     78.2000    -999.000
SPT                   -999    925.0     -999   1582.4000     56.9000     56.9000    -999.000
SPT                   -999    975.0     -999   1137.7000     42.2000     42.2000    -999.000
SPT                   -999   1025.0     -999   1060.9000     39.1000     39.1000    -999.000
SPT                   -999   1075.0     -999   1208.3000     42.8000     42.8000    -999.000
SPT                   -999   1125.0     -999   1186.1000     43.1000     43.1000    -999.000
SPT                   -999   1175.0     -999   1132.9000     42.5000     42.5000    -999.000
SPT                   -999   1225.0     -999    916.0000     33.8000     33.8000    -999.000
SPT                   -999   1275.0     -999    762.6000     27.3000     27.3000    -999.000
SPT                   -999   1325.0     -999    713.6000     26.3000     26.3000    -999.000
SPT                   -999   1375.0     -999    744.8000     26.3000     26.3000    -999.000
SPT                   -999   1425.0     -999    837.1000     28.6000     28.6000    -999.000
SPT                   -999   1475.0     -999    708.0000     24.0000     24.0000    -999.000
SPT                   -999   1525.0     -999    613.9000     20.6000     20.6000    -999.000
SPT                   -999   1575.0     -999    456.6000     16.5000     16.5000    -999.000
SPT                   -999   1625.0     -999    383.7000     13.6000     13.6000    -999.000
SPT                   -999   1675.0     -999    378.4000     13.1000     13.1000    -999.000
SPT                   -999   1725.0     -999    383.8000     13.2000     13.2000    -999.000
SPT                   -999   1775.0     -999    377.5000     13.1000     13.1000    -999.000
SPT                   -999   1825.0     -999    323.1000     11.6000     11.6000    -999.000
SPT                   -999   1875.0     -999    262.0000      9.7000      9.7000    -999.000
SPT                   -999   1925.0     -999    223.7000      8.5000      8.5000    -999.000
SPT                   -999   1975.0     -999    227.7000      8.8000      8.8000    -999.000
SPT                   -999   2025.0     -999    230.3000      9.0000      9.0000    -999.000
SPT                   -999   2075.0     -999    214.0000      8.5000      8.5000    -999.000
SPT                   -999   2125.0     -999    177.8000      7.4000      7.4000    -999.000
SPT                   -999   2175.0     -999    153.6000      6.6000      6.6000    -999.000
SPT                   -999   2225.0     -999    123.2000      5.7000      5.7000    -999.000
SPT                   -999   2275.0     -999    117.1000      5.6000      5.6000    -999.000
SPT                   -999   2325.0     -999    109.9000      5.4000      5.4000    -999.000
SPT                   -999   2375.0     -999    106.0000      5.5000      5.5000    -999.000
SPT                   -999   2425.0     -999     96.5000      5.1000      5.1000    -999.000
SPT                   -999   2475.0     -999     80.9000      4.9000      4.9000    -999.000
SPT                   -999   2525.0     -999     76.3000      4.9000      4.9000    -999.000
SPT                   -999   2575.0     -999     62.4000      4.5000      4.5000    -999.000
SPT                   -999   2625.0     -999     64.3000      4.6000      4.6000    -999.000
SPT                   -999   2675.0     -999     61.9000      4.6000      4.6000    -999.000
SPT                   -999   2725.0     -999     53.8000      4.6000      4.6000    -999.000
SPT                   -999   2775.0     -999     48.6000      4.6000      4.6000    -999.000
SPT                   -999   2825.0     -999     39.2000      4.4000      4.4000    -999.000
SPT                   -999   2875.0     -999     33.4000      4.4000      4.4000    -999.000
SPT                   -999   2925.0     -999     32.8000      4.5000      4.5000    -999.000
SPT                   -999   2975.0     -999     31.1000      4.6000      4.6000    -999.000